function density = get_DensityOfWaterAtTemperature(temperature_C)
%% Get density of water in kg/m^3 at certain temperature in degrees Celsius
%
%     density = get_DensityOfWaterAtTemperature(temperature_C)
%
% INPUT:
%
%   temperature_C
%       Temperature of water in degrees Celsius.
%
%
% OUTPUT:
%
%   density
%       Density of pure, air-free water H2O at the given temperature under
%       isobaric conditions at normal pressure (1013.25 mbar) in kg/m^3. See:
%       https://www.internetchemistry.com/chemical-data/water-density-table.php
%
%
% ------------------------------------------------------------------------------
% (C) Copyright 2025 Pure Devices GmbH, Wuerzburg, Germany
% www.pure-devices.com
% ------------------------------------------------------------------------------


% figure(1); T = 0:0.1:99.9; plot(T, get_DensityOfWaterAtTemperature(T));

% temperature range
T = 0:0.1:99.9;

% water density in g/ml
% https://www.internetchemistry.com/chemical-data/water-density-table.php
density_water = [...
0.999843, 0.999850, 0.999856, 0.999863, 0.999869, 0.999875, 0.999880, 0.999886, 0.999892, 0.999897, ...
0.999902, 0.999907, 0.999911, 0.999916, 0.999920, 0.999925, 0.999929, 0.999932, 0.999936, 0.999940, ...
0.999943, 0.999946, 0.999949, 0.999952, 0.999955, 0.999957, 0.999960, 0.999962, 0.999964, 0.999965, ...
0.999967, 0.999969, 0.999970, 0.999971, 0.999972, 0.999973, 0.999974, 0.999974, 0.999975, 0.999975, ...
0.999975, 0.999975, 0.999974, 0.999974, 0.999973, 0.999973, 0.999972, 0.999971, 0.999970, 0.999968, ...
0.999967, 0.999965, 0.999963, 0.999961, 0.999959, 0.999957, 0.999954, 0.999952, 0.999949, 0.999946, ...
0.999943, 0.999940, 0.999936, 0.999933, 0.999929, 0.999925, 0.999922, 0.999917, 0.999913, 0.999909, ...
0.999904, 0.999900, 0.999895, 0.999890, 0.999885, 0.999879, 0.999874, 0.999868, 0.999863, 0.999857, ...
0.999851, 0.999845, 0.999839, 0.999832, 0.999826, 0.999819, 0.999812, 0.999805, 0.999798, 0.999791, ...
0.999784, 0.999776, 0.999768, 0.999761, 0.999753, 0.999745, 0.999737, 0.999728, 0.999720, 0.999711, ...
0.999702, 0.999694, 0.999685, 0.999675, 0.999666, 0.999657, 0.999647, 0.999638, 0.999628, 0.999618, ...
0.999608, 0.999598, 0.999587, 0.999577, 0.999566, 0.999556, 0.999545, 0.999534, 0.999523, 0.999512, ...
0.999500, 0.999489, 0.999477, 0.999466, 0.999454, 0.999442, 0.999430, 0.999417, 0.999405, 0.999393, ...
0.999380, 0.999367, 0.999355, 0.999342, 0.999328, 0.999315, 0.999302, 0.999288, 0.999275, 0.999261, ...
0.999247, 0.999233, 0.999219, 0.999205, 0.999191, 0.999176, 0.999162, 0.999147, 0.999133, 0.999118, ...
0.999103, 0.999087, 0.999072, 0.999057, 0.999041, 0.999026, 0.999010, 0.998994, 0.998978, 0.998962, ...
0.998946, 0.998930, 0.998913, 0.998897, 0.998880, 0.998863, 0.998847, 0.998830, 0.998813, 0.998795, ...
0.998778, 0.998761, 0.998743, 0.998725, 0.998708, 0.998690, 0.998672, 0.998654, 0.998635, 0.998617, ...
0.998599, 0.998580, 0.998561, 0.998543, 0.998524, 0.998505, 0.998486, 0.998467, 0.998447, 0.998428, ...
0.998408, 0.998389, 0.998369, 0.998349, 0.998329, 0.998309, 0.998289, 0.998269, 0.998248, 0.998228, ...
0.998207, 0.998186, 0.998166, 0.998145, 0.998124, 0.998103, 0.998081, 0.998060, 0.998039, 0.998017, ...
0.997995, 0.997974, 0.997952, 0.997930, 0.997908, 0.997886, 0.997864, 0.997841, 0.997819, 0.997796, ...
0.997773, 0.997751, 0.997728, 0.997705, 0.997682, 0.997659, 0.997635, 0.997612, 0.997589, 0.997565, ...
0.997541, 0.997518, 0.997494, 0.997470, 0.997446, 0.997422, 0.997397, 0.997373, 0.997349, 0.997324, ...
0.997299, 0.997275, 0.997250, 0.997225, 0.997200, 0.997175, 0.997149, 0.997124, 0.997099, 0.997073, ...
0.997048, 0.997022, 0.996996, 0.996970, 0.996944, 0.996918, 0.996892, 0.996866, 0.996839, 0.996813, ...
0.996786, 0.996760, 0.996733, 0.996706, 0.996679, 0.996652, 0.996625, 0.996598, 0.996571, 0.996543, ...
0.996516, 0.996488, 0.996461, 0.996433, 0.996405, 0.996377, 0.996349, 0.996321, 0.996293, 0.996264, ...
0.996236, 0.996207, 0.996179, 0.996150, 0.996121, 0.996093, 0.996064, 0.996035, 0.996006, 0.995976, ...
0.995947, 0.995918, 0.995888, 0.995859, 0.995829, 0.995799, 0.995770, 0.995740, 0.995710, 0.995680, ...
0.995650, 0.995620, 0.995590, 0.995560, 0.995530, 0.995500, 0.995470, 0.995440, 0.995410, 0.995370, ...
0.995340, 0.995310, 0.995280, 0.995250, 0.995220, 0.995190, 0.995160, 0.995120, 0.995090, 0.995060, ...
0.995030, 0.995000, 0.994960, 0.994930, 0.994900, 0.994870, 0.994840, 0.994800, 0.994770, 0.994740, ...
0.994700, 0.994670, 0.994640, 0.994610, 0.994570, 0.994540, 0.994510, 0.994470, 0.994440, 0.994410, ...
0.994370, 0.994340, 0.994310, 0.994270, 0.994240, 0.994200, 0.994170, 0.994140, 0.994100, 0.994070, ...
0.994030, 0.994000, 0.993960, 0.993930, 0.993900, 0.993860, 0.993830, 0.993790, 0.993760, 0.993720, ...
0.993690, 0.993650, 0.993610, 0.993580, 0.993540, 0.993510, 0.993470, 0.993440, 0.993400, 0.993370, ...
0.993330, 0.993290, 0.993260, 0.993220, 0.993190, 0.993150, 0.993110, 0.993080, 0.993040, 0.993000, ...
0.992970, 0.992930, 0.992890, 0.992860, 0.992820, 0.992780, 0.992740, 0.992710, 0.992670, 0.992630, ...
0.992600, 0.992560, 0.992520, 0.992480, 0.992440, 0.992410, 0.992370, 0.992330, 0.992290, 0.992250, ...
0.992220, 0.992180, 0.992140, 0.992100, 0.992060, 0.992020, 0.991990, 0.991950, 0.991910, 0.991870, ...
0.991830, 0.991790, 0.991750, 0.991710, 0.991670, 0.991630, 0.991590, 0.991560, 0.991520, 0.991480, ...
0.991440, 0.991400, 0.991360, 0.991320, 0.991280, 0.991240, 0.991200, 0.991160, 0.991120, 0.991080, ...
0.991040, 0.991000, 0.990950, 0.990910, 0.990870, 0.990830, 0.990790, 0.990750, 0.990710, 0.990670, ...
0.990630, 0.990590, 0.990550, 0.990500, 0.990460, 0.990420, 0.990380, 0.990340, 0.990300, 0.990250, ...
0.990210, 0.990170, 0.990130, 0.990090, 0.990040, 0.990000, 0.989960, 0.989920, 0.989880, 0.989830, ...
0.989790, 0.989750, 0.989710, 0.989660, 0.989620, 0.989580, 0.989530, 0.989490, 0.989450, 0.989410, ...
0.989360, 0.989320, 0.989280, 0.989230, 0.989190, 0.989150, 0.989100, 0.989060, 0.989010, 0.988970, ...
0.988930, 0.988880, 0.988840, 0.988790, 0.988750, 0.988710, 0.988660, 0.988620, 0.988570, 0.988530, ...
0.988480, 0.988440, 0.988390, 0.988350, 0.988310, 0.988260, 0.988220, 0.988170, 0.988130, 0.988080, ...
0.988040, 0.987990, 0.987940, 0.987900, 0.987850, 0.987810, 0.987760, 0.987720, 0.987670, 0.987630, ...
0.987580, 0.987530, 0.987490, 0.987440, 0.987400, 0.987350, 0.987300, 0.987260, 0.987210, 0.987160, ...
0.987120, 0.987070, 0.987020, 0.986980, 0.986930, 0.986880, 0.986840, 0.986790, 0.986740, 0.986700, ...
0.986650, 0.986600, 0.986550, 0.986510, 0.986460, 0.986410, 0.986360, 0.986320, 0.986270, 0.986220, ...
0.986170, 0.986130, 0.986080, 0.986030, 0.985980, 0.985930, 0.985890, 0.985840, 0.985790, 0.985740, ...
0.985690, 0.985640, 0.985600, 0.985550, 0.985500, 0.985450, 0.985400, 0.985350, 0.985300, 0.985250, ...
0.985210, 0.985160, 0.985110, 0.985060, 0.985010, 0.984960, 0.984910, 0.984860, 0.984810, 0.984760, ...
0.984710, 0.984660, 0.984610, 0.984560, 0.984510, 0.984460, 0.984410, 0.984360, 0.984310, 0.984260, ...
0.984210, 0.984160, 0.984110, 0.984060, 0.984010, 0.983960, 0.983910, 0.983860, 0.983810, 0.983760, ...
0.983710, 0.983660, 0.983610, 0.983550, 0.983500, 0.983450, 0.983400, 0.983350, 0.983300, 0.983250, ...
0.983200, 0.983140, 0.983090, 0.983040, 0.982990, 0.982940, 0.982890, 0.982830, 0.982780, 0.982730, ...
0.982680, 0.982630, 0.982570, 0.982520, 0.982470, 0.982420, 0.982370, 0.982310, 0.982260, 0.982210, ...
0.982160, 0.982100, 0.982050, 0.982000, 0.981940, 0.981890, 0.981840, 0.981790, 0.981730, 0.981680, ...
0.981630, 0.981570, 0.981520, 0.981470, 0.981410, 0.981360, 0.981310, 0.981250, 0.981200, 0.981150, ...
0.981090, 0.981040, 0.980980, 0.980930, 0.980880, 0.980820, 0.980770, 0.980710, 0.980660, 0.980610, ...
0.980550, 0.980500, 0.980440, 0.980390, 0.980330, 0.980280, 0.980220, 0.980170, 0.980110, 0.980060, ...
0.980000, 0.979950, 0.979890, 0.979840, 0.979780, 0.979730, 0.979670, 0.979620, 0.979560, 0.979510, ...
